get-an-apt -MinimumNumRooms 0
add-an-apt "kaki"10 3 2 1 2
get-an-apt -MinimumNumRooms 0
delete-an-apt -Enter 1
get-an-apt -MinimumNumRooms 0
add-an-apt "kaki"10 3 2 1 2
add-an-apt "kaki"10 3 2 1 2
get-an-apt -MinimumNumRooms 3 -MaximumNumRooms 5 -MaximumPrice 1750000 -s
get-an-apt -MinimumNumRooms 3 -MaximumNumRooms 5 -MaximumPrice 1750000 -s
add-an-apt "Gordon 85 Holon" 1500000 3 15 06 17
add-an-apt "Ben Gurion 25 Herzliya" 200000 5 01 08 16
add-an-apt "Rothschild 67 Rishon Le Zion" 1700000 3 03 10 16
add-an-apt "Dizengoff 180 Tel Aviv" 2000000 4 28 04 16
add-an-apt "Gordon 85 Holon" 1500000 3 15 06 17
add-an-apt "Gordon 85 Holon" 1500000 3 15 06 17
add-an-apt "Gordon 85 Holon" 1500000 3 15 06 17
add-an-apt "Gordon 85 Holon" 1500000 3 15 06 17
add-an-apt "Gordon 85 Holon" 1500000 3 15 06 17
add-an-apt "Gordon 85 Holon" 1500000 3 15 06 17
add-an-apt "Ben Gurion 25 Herzliya" 200000 5 01 08 16
add-an-apt "Rothschild 67 Rishon Le Zion" 1700000 3 03 10 16
add-an-apt "Dizengoff 180 Tel Aviv" 2000000 4 28 04 16
delete-an-apt -Enter 1
delete-an-apt -Enter 1
get-an-apt -MinimumNumRooms 3 -MaximumNumRooms 5 -MaximumPrice 1750000 -s
get-an-apt -MinimumNumRooms 3 -MaximumNumRooms 5 -MaximumPrice 1750000 -s
get-an-apt -MinimumNumRooms 3 -MaximumNumRooms 5 -MaximumPrice 1750000 -s
add-an-apt "Gordon 85 Holon" 1500000 3 15 06 17
add-an-apt "Gordon 85 Holon" 1500000 3 15 06 17
add-an-apt "Gordon 85 Holon" 1500000 3 15 06 17
add-an-apt "Gordon 85 Holon" 1500000 3 15 06 17
add-an-apt "Ben Gurion 25 Herzliya" 200000 5 01 08 16
add-an-apt "Rothschild 67 Rishon Le Zion" 1700000 3 03 10 16
add-an-apt "Dizengoff 180 Tel Aviv" 2000000 4 28 04 16
get-an-apt -MinimumNumRooms 3 -MaximumNumRooms 5 -MaximumPrice 1750000 -s
get-an-apt -MinimumNumRooms 3 -MaximumNumRooms 5 -MaximumPrice 1750000 -s
get-an-apt -MinimumNumRooms 3 -MaximumNumRooms 5 -MaximumPrice 1750000 -s
add-an-apt "Gordon 85 Holon" 1500000 3 15 06 17
add-an-apt "Ben Gurion 25 Herzliya" 200000 5 01 08 16
add-an-apt "Rothschild 67 Rishon Le Zion" 1700000 3 03 10 16
add-an-apt "Dizengoff 180 Tel Aviv" 2000000 4 28 04 16
get-an-apt -MinimumNumRooms 3 -MaximumNumRooms 5 -MaximumPrice 1750000 -s
delete-an-apt -Enter 1
add-an-apt "Rothschild 67 Rishon Le Zion" 1700000 3 03 10 16
add-an-apt "Dizengoff 180 Tel Aviv" 2000000 4 28 04 16
add-an-apt "Ben Gurion 26 Herzliya" 200000 6 01 08 16
get-an-apt -MinimumNumRooms 0
add-an-apt "Gordon 85 Holon" 1500000 3 15 06 17
add-an-apt "Ben Gurion 25 Herzliya" 200000 5 01 08 16
add-an-apt "Rothschild 67 Rishon Le Zion" 1700000 3 03 10 16
add-an-apt "Dizengoff 180 Tel Aviv" 2000000 4 28 04 16
add-an-apt "Ben Gurion 26 Herzliya" 200000 6 01 08 16
get-an-apt -MinimumNumRooms 0
add-an-apt "Gordon 85 Holon" 1500000 3 15 06 17
add-an-apt "Ben Gurion 25 Herzliya" 200000 5 01 08 16
add-an-apt "Rothschild 67 Rishon Le Zion" 1700000 3 03 10 16
add-an-apt "Dizengoff 180 Tel Aviv" 2000000 4 28 04 16
add-an-apt "Ben Gurion 26 Herzliya" 200000 6 01 08 16
get-an-apt -MinimumNumRooms 0
add-an-apt "Gordon 85 Holon" 1500000 3 15 06 17
add-an-apt "Ben Gurion 25 Herzliya" 200000 5 01 08 16
add-an-apt "Rothschild 67 Rishon Le Zion" 1700000 3 03 10 16
add-an-apt "Dizengoff 180 Tel Aviv" 2000000 4 28 04 16
add-an-apt "Ben Gurion 26 Herzliya" 200000 6 01 08 16
get-an-apt -MinimumNumRooms 0
add-an-apt "Gordon 85 Holon" 1500000 3 15 06 17
add-an-apt "Ben Gurion 25 Herzliya" 200000 5 01 08 16
add-an-apt "Rothschild 67 Rishon Le Zion" 1700000 3 03 10 16
add-an-apt "Dizengoff 180 Tel Aviv" 2000000 4 28 04 16
add-an-apt "Ben Gurion 26 Herzliya" 200000 6 01 08 16
get-an-apt -MinimumNumRooms 0
add-an-apt "Gordon 85 Holon" 1500000 3 15 06 17
add-an-apt "Ben Gurion 25 Herzliya" 200000 5 01 08 16
add-an-apt "Rothschild 67 Rishon Le Zion" 1700000 3 03 10 16
add-an-apt "Dizengoff 180 Tel Aviv" 2000000 4 28 04 16
add-an-apt "Ben Gurion 26 Herzliya" 200000 6 01 08 16
get-an-apt -MinimumNumRooms 0
add-an-apt "Gordon 85 Holon" 1500000 3 15 06 17
add-an-apt "Ben Gurion 25 Herzliya" 200000 5 01 08 16
add-an-apt "Rothschild 67 Rishon Le Zion" 1700000 3 03 10 16
add-an-apt "Dizengoff 180 Tel Aviv" 2000000 4 28 04 16
add-an-apt "Ben Gurion 26 Herzliya" 200000 6 01 08 16
get-an-apt -MinimumNumRooms 0
add-an-apt "Gordon 85 Holon" 1500000 3 15 06 17
add-an-apt "Ben Gurion 25 Herzliya" 200000 5 01 08 16
add-an-apt "Rothschild 67 Rishon Le Zion" 1700000 3 03 10 16
add-an-apt "Dizengoff 180 Tel Aviv" 2000000 4 28 04 16
add-an-apt "Ben Gurion 26 Herzliya" 200000 6 01 08 16
get-an-apt -MinimumNumRooms 0
add-an-apt "Gordon 85 Holon" 1500000 3 15 06 17
add-an-apt "Ben Gurion 25 Herzliya" 200000 5 01 08 16
add-an-apt "Rothschild 67 Rishon Le Zion" 1700000 3 03 10 16
add-an-apt "Dizengoff 180 Tel Aviv" 2000000 4 28 04 16
add-an-apt "Ben Gurion 26 Herzliya" 200000 6 01 08 16
get-an-apt -MinimumNumRooms 0
add-an-apt "Gordon 85 Holon" 1500000 3 15 06 17
add-an-apt "Ben Gurion 25 Herzliya" 200000 5 01 08 16
add-an-apt "Rothschild 67 Rishon Le Zion" 1700000 3 03 10 16
add-an-apt "Dizengoff 180 Tel Aviv" 2000000 4 28 04 16
add-an-apt "Ben Gurion 26 Herzliya" 200000 6 01 08 16
get-an-apt -MinimumNumRooms 0
add-an-apt "Gordon 85 Holon" 1500000 3 15 06 17
add-an-apt "Ben Gurion 25 Herzliya" 200000 5 01 08 16
add-an-apt "Rothschild 67 Rishon Le Zion" 1700000 3 03 10 16
add-an-apt "Dizengoff 180 Tel Aviv" 2000000 4 28 04 16
get-an-apt -MinimumNumRooms 0
get-an-apt -MinimumNumRooms 0
get-an-apt -MinimumNumRooms 0
get-an-apt -MinimumNumRooms 0
add-an-apt "Gordon 85 Holon" 1500000 3 15 06 17
add-an-apt "Ben Gurion 25 Herzliya" 200000 5 01 08 16
add-an-apt "Rothschild 67 Rishon Le Zion" 1700000 3 03 10 16
add-an-apt "Dizengoff 180 Tel Aviv" 2000000 4 28 04 16
get-an-apt -MinimumNumRooms 0
add-an-apt "Dizengoff 180 Tel Aviv" 2000000 4 28 04 16
add-an-apt "Dizengoff 180 Tel Aviv" 2000000 4 28 04 16
get-an-apt -MinimumNumRooms 0
get-an-apt -MinimumNumRooms 0
delete-an-apt -Enter 1
delete-an-apt -Enter 1
get-an-apt -MinimumNumRooms 0
add-an-apt "Gordon 85 Holon" 1500000 3 15 06 17
add-an-apt "Ben Gurion 25 Herzliya" 200000 5 01 08 16
add-an-apt "Rothschild 67 Rishon Le Zion" 1700000 3 03 10 16
add-an-apt "Dizengoff 180 Tel Aviv" 2000000 4 28 04 16
get-an-apt -MinimumNumRooms 0
add-an-apt "Gordon 85 Holon" 1500000 3 15 06 17
add-an-apt "Ben Gurion 25 Herzliya" 200000 5 01 08 16
add-an-apt "Rothschild 67 Rishon Le Zion" 1700000 3 03 10 16
add-an-apt "Dizengoff 180 Tel Aviv" 2000000 4 28 04 16
delete-an-apt -Enter 1
add-an-apt "Dizengoff 180 Tel Aviv" 2000000 4 28 04 16
add-an-apt "Rothschild 67 Rishon Le Zion" 1700000 3 03 10 16
add-an-apt "Ben Gurion 25 Herzliya" 200000 5 01 08 16
add-an-apt "Gordon 85 Holon" 1500000 3 15 06 17
get-an-apt -MinimumNumRooms 0
delete-an-apt -Enter 1
add-an-apt "Dizengoff 180 Tel Aviv" 2000000 4 28 04 16
add-an-apt "Rothschild 67 Rishon Le Zion" 1700000 3 03 10 16
add-an-apt "Ben Gurion 25 Herzliya" 200000 5 01 08 16
add-an-apt "Gordon 85 Holon" 1500000 3 15 06 17
get-an-apt -MinimumNumRooms 0
delete-an-apt -Enter 1
add-an-apt "Dizengoff 180 Tel Aviv" 2000000 4 28 04 16
add-an-apt "Rothschild 67 Rishon Le Zion" 1700000 3 03 10 16
add-an-apt "Ben Gurion 25 Herzliya" 200000 5 01 08 16
add-an-apt "Gordon 85 Holon" 1500000 3 15 06 17
get-an-apt -MinimumNumRooms 0
delete-an-apt -Enter 1
add-an-apt "Dizengoff 180 Tel Aviv" 2000000 4 28 04 16
add-an-apt "Rothschild 67 Rishon Le Zion" 1700000 3 03 10 16
add-an-apt "Ben Gurion 25 Herzliya" 200000 5 01 08 16
add-an-apt "Gordon 85 Holon" 1500000 3 15 06 17
get-an-apt -MinimumNumRooms 0
delete-an-apt -Enter 1
delete-an-apt -Enter 1
add-an-apt "Dizengoff 180 Tel Aviv" 2000000 4 28 04 16
add-an-apt "Rothschild 67 Rishon Le Zion" 1700000 3 03 10 16
add-an-apt "Ben Gurion 25 Herzliya" 200000 5 01 08 16
add-an-apt "Gordon 85 Holon" 1500000 3 15 06 17
get-an-apt -MinimumNumRooms 0
delete-an-apt -Enter 1
add-an-apt "Dizengoff 180 Tel Aviv" 2000000 4 28 04 16
add-an-apt "Rothschild 67 Rishon Le Zion" 1700000 3 03 10 16
add-an-apt "Ben Gurion 25 Herzliya" 200000 5 01 08 16
add-an-apt "Gordon 85 Holon" 1500000 3 15 06 17
get-an-apt -MinimumNumRooms 0
delete-an-apt -Enter 1
delete-an-apt -Enter 1
add-an-apt "Dizengoff 180 Tel Aviv" 2000000 4 28 04 16
add-an-apt "Rothschild 67 Rishon Le Zion" 1700000 3 03 10 16
add-an-apt "Ben Gurion 25 Herzliya" 200000 5 01 08 16
add-an-apt "Gordon 85 Holon" 1500000 3 15 06 17
get-an-apt -MinimumNumRooms 0
delete-an-apt -Enter 1
delete-an-apt -Enter 1
add-an-apt "Rothschild 67 Rishon Le Zion" 1700000 3 03 10 16
add-an-apt "Ben Gurion 25 Herzliya" 200000 5 01 08 16
add-an-apt "Gordon 85 Holon" 1500000 3 15 06 17
add-an-apt "Dizengoff 180 Tel Aviv" 2000000 4 28 04 16
add-an-apt "Rothschild 67 Rishon Le Zion" 1700000 3 03 10 16
add-an-apt "Ben Gurion 25 Herzliya" 200000 5 01 08 16
add-an-apt "Gordon 85 Holon" 1500000 3 15 06 17
get-an-apt -MinimumNumRooms 0
get-an-apt -MinimumNumRooms 0
delete-an-apt -Enter 1
add-an-apt "Dizengoff 180 Tel Aviv" 2000000 4 28 04 16
add-an-apt "Rothschild 67 Rishon Le Zion" 1700000 3 03 10 16
add-an-apt "Ben Gurion 25 Herzliya" 200000 5 01 08 16
add-an-apt "Gordon 85 Holon" 1500000 3 15 06 17
get-an-apt -MinimumNumRooms 0
get-an-apt -MinimumNumRooms 0
add-an-apt "Dizengoff 180 Tel Aviv" 2000000 4 28 04 16
add-an-apt "Ben Gurion 25 Herzliya" 200000 5 01 08 16
add-an-apt "Gordon 85 Holon" 1500000 3 15 06 17
get-an-apt -MinimumNumRooms 0
add-an-apt "Ben Gurion 26 Herzliya" 200000 6 01 08 16
get-an-apt -MinimumNumRooms 0
delete-an-apt -Enter 1
get-an-apt -MinimumNumRooms 3 -MaximumNumRooms 5 -MaximumPrice 1750000 -s
add-an-apt "Dizengoff 180 Tel Aviv" 2000000 4 28 04 16
add-an-apt "Rothschild 67 Rishon Le Zion" 1700000 3 03 10 16
add-an-apt "Ben Gurion 25 Herzliya" 200000 5 01 08 16
add-an-apt "Gordon 85 Holon" 1500000 3 15 06 17
add-an-apt "Dizengoff 180 Tel Aviv" 2000000 4 28 04 16
add-an-apt "Rothschild 67 Rishon Le Zion" 1700000 3 03 10 16
add-an-apt "Ben Gurion 25 Herzliya" 200000 5 01 08 16
add-an-apt "Gordon 85 Holon" 1500000 3 15 06 17
add-an-apt "Dizengoff 180 Tel Aviv" 2000000 4 28 04 16
add-an-apt "Rothschild 67 Rishon Le Zion" 1700000 3 03 10 16
add-an-apt "Ben Gurion 25 Herzliya" 200000 5 01 08 16
add-an-apt "Gordon 85 Holon" 1500000 3 15 06 17
add-an-apt "Dizengoff 180 Tel Aviv" 2000000 4 28 04 16
add-an-apt "Rothschild 67 Rishon Le Zion" 1700000 3 03 10 16
add-an-apt "Ben Gurion 25 Herzliya" 200000 5 01 08 16
add-an-apt "Gordon 85 Holon" 1500000 3 15 06 17
add-an-apt "Dizengoff 180 Tel Aviv" 2000000 4 28 04 16
add-an-apt "Rothschild 67 Rishon Le Zion" 1700000 3 03 10 16
add-an-apt "Ben Gurion 25 Herzliya" 200000 5 01 08 16
add-an-apt "Gordon 85 Holon" 1500000 3 15 06 17
get-an-apt -MinimumNumRooms 3 -MaximumNumRooms 5 -MaximumPrice 1750000 -s
delete-an-apt -Enter 1
